a <- 5 + 5
b <- a * 5
c <- a + b * 5
